Results of program main.cpp, numerical - analytical
0.0000000  0.017982192  0.0000000
0.0010000000  0.026824283  0.0089502117
0.0020000000  0.035568354  0.017801417
0.0030000000  0.044215381  0.026554603
0.0040000000  0.052766328  0.035210742
0.0050000000  0.061222153  0.043770802
0.0060000000  0.069583801  0.052235739
0.0070000000  0.077852210  0.060606498
0.0080000000  0.086028307  0.068884017
0.0090000000  0.094113011  0.077069223
0.010000000  0.10210723  0.085163036
0.011000000  0.11001187  0.093166364
0.012000000  0.11782781  0.10108011
0.013000000  0.12555595  0.10890516
0.014000000  0.13319715  0.11664240
0.015000000  0.14075228  0.12429270
0.016000000  0.14822219  0.13185694
0.017000000  0.15560774  0.13933596
0.018000000  0.16290976  0.14673061
0.019000000  0.17012909  0.15404173
0.020000000  0.17726654  0.16127015
0.021000000  0.18432293  0.16841671
0.022000000  0.19129907  0.17548220
0.023000000  0.19819576  0.18246744
0.024000000  0.20501379  0.18937323
0.025000000  0.21175393  0.19620035
0.026000000  0.21841697  0.20294959
0.027000000  0.22500367  0.20962173
0.028000000  0.23151480  0.21621753
0.029000000  0.23795109  0.22273775
0.030000000  0.24431331  0.22918314
0.031000000  0.25060218  0.23555445
0.032000000  0.25681844  0.24185242
0.033000000  0.26296280  0.24807776
0.034000000  0.26903599  0.25423122
0.035000000  0.27503871  0.26031350
0.036000000  0.28097166  0.26632531
0.037000000  0.28683553  0.27226735
0.038000000  0.29263102  0.27814032
0.039000000  0.29835881  0.28394490
0.040000000  0.30401956  0.28968177
0.041000000  0.30961395  0.29535161
0.042000000  0.31514263  0.30095509
0.043000000  0.32060626  0.30649286
0.044000000  0.32600549  0.31196558
0.045000000  0.33134096  0.31737389
0.046000000  0.33661330  0.32271844
0.047000000  0.34182313  0.32799987
0.048000000  0.34697109  0.33321879
0.049000000  0.35205779  0.33837583
0.050000000  0.35708383  0.34347161
0.051000000  0.36204983  0.34850674
0.052000000  0.36695637  0.35348181
0.053000000  0.37180405  0.35839744
0.054000000  0.37659346  0.36325420
0.055000000  0.38132517  0.36805269
0.056000000  0.38599976  0.37279348
0.057000000  0.39061779  0.37747715
0.058000000  0.39517984  0.38210427
0.059000000  0.39968646  0.38667539
0.060000000  0.40413819  0.39119109
0.061000000  0.40853559  0.39565190
0.062000000  0.41287920  0.40005838
0.063000000  0.41716954  0.40441106
0.064000000  0.42140716  0.40871048
0.065000000  0.42559257  0.41295717
0.066000000  0.42972630  0.41715166
0.067000000  0.43380885  0.42129446
0.068000000  0.43784075  0.42538609
0.069000000  0.44182248  0.42942706
0.070000000  0.44575456  0.43341787
0.071000000  0.44963747  0.43735903
0.072000000  0.45347171  0.44125101
0.073000000  0.45725776  0.44509432
0.074000000  0.46099609  0.44888944
0.075000000  0.46468719  0.45263685
0.076000000  0.46833153  0.45633702
0.077000000  0.47192956  0.45999043
0.078000000  0.47548175  0.46359753
0.079000000  0.47898855  0.46715879
0.080000000  0.48245043  0.47067467
0.081000000  0.48586781  0.47414561
0.082000000  0.48924116  0.47757207
0.083000000  0.49257090  0.48095448
0.084000000  0.49585747  0.48429329
0.085000000  0.49910129  0.48758893
0.086000000  0.50230280  0.49084182
0.087000000  0.50546242  0.49405240
0.088000000  0.50858056  0.49722108
0.089000000  0.51165763  0.50034829
0.090000000  0.51469404  0.50343443
0.091000000  0.51769021  0.50647991
0.092000000  0.52064652  0.50948514
0.093000000  0.52356337  0.51245051
0.094000000  0.52644116  0.51537643
0.095000000  0.52928028  0.51826329
0.096000000  0.53208111  0.52111147
0.097000000  0.53484403  0.52392137
0.098000000  0.53756942  0.52669335
0.099000000  0.54025765  0.52942780
0.10000000  0.54290909  0.53212510
0.10100000  0.54552412  0.53478561
0.10200000  0.54810308  0.53740969
0.10300000  0.55064634  0.53999772
0.10400000  0.55315426  0.54255004
0.10500000  0.55562718  0.54506702
0.10600000  0.55806546  0.54754900
0.10700000  0.56046943  0.54999634
0.10800000  0.56283945  0.55240938
0.10900000  0.56517584  0.55478845
0.11000000  0.56747895  0.55713391
0.11100000  0.56974910  0.55944608
0.11200000  0.57198663  0.56172529
0.11300000  0.57419185  0.56397187
0.11400000  0.57636509  0.56618615
0.11500000  0.57850666  0.56836845
0.11600000  0.58061689  0.57051909
0.11700000  0.58269608  0.57263837
0.11800000  0.58474454  0.57472662
0.11900000  0.58676258  0.57678414
0.12000000  0.58875050  0.57881124
0.12100000  0.59070860  0.58080821
0.12200000  0.59263718  0.58277537
0.12300000  0.59453652  0.58471301
0.12400000  0.59640693  0.58662141
0.12500000  0.59824869  0.58850088
0.12600000  0.60006209  0.59035169
0.12700000  0.60184740  0.59217414
0.12800000  0.60360490  0.59396851
0.12900000  0.60533488  0.59573507
0.13000000  0.60703761  0.59747411
0.13100000  0.60871335  0.59918589
0.13200000  0.61036239  0.60087069
0.13300000  0.61198497  0.60252878
0.13400000  0.61358137  0.60416042
0.13500000  0.61515184  0.60576587
0.13600000  0.61669665  0.60734540
0.13700000  0.61821605  0.60889926
0.13800000  0.61971029  0.61042771
0.13900000  0.62117962  0.61193101
0.14000000  0.62262430  0.61340939
0.14100000  0.62404455  0.61486312
0.14200000  0.62544064  0.61629243
0.14300000  0.62681280  0.61769757
0.14400000  0.62816126  0.61907878
0.14500000  0.62948627  0.62043629
0.14600000  0.63078805  0.62177035
0.14700000  0.63206684  0.62308119
0.14800000  0.63332287  0.62436903
0.14900000  0.63455636  0.62563411
0.15000000  0.63576753  0.62687665
0.15100000  0.63695662  0.62809688
0.15200000  0.63812383  0.62929501
0.15300000  0.63926939  0.63047128
0.15400000  0.64039352  0.63162589
0.15500000  0.64149641  0.63275906
0.15600000  0.64257830  0.63387101
0.15700000  0.64363938  0.63496195
0.15800000  0.64467986  0.63603207
0.15900000  0.64569995  0.63708161
0.16000000  0.64669985  0.63811075
0.16100000  0.64767976  0.63911970
0.16200000  0.64863988  0.64010866
0.16300000  0.64958041  0.64107783
0.16400000  0.65050154  0.64202740
0.16500000  0.65140346  0.64295758
0.16600000  0.65228638  0.64386856
0.16700000  0.65315046  0.64476052
0.16800000  0.65399591  0.64563365
0.16900000  0.65482291  0.64648815
0.17000000  0.65563164  0.64732419
0.17100000  0.65642228  0.64814197
0.17200000  0.65719502  0.64894166
0.17300000  0.65795002  0.64972344
0.17400000  0.65868748  0.65048750
0.17500000  0.65940756  0.65123400
0.17600000  0.66011043  0.65196313
0.17700000  0.66079627  0.65267505
0.17800000  0.66146525  0.65336993
0.17900000  0.66211753  0.65404796
0.18000000  0.66275328  0.65470928
0.18100000  0.66337266  0.65535408
0.18200000  0.66397584  0.65598251
0.18300000  0.66456299  0.65659474
0.18400000  0.66513424  0.65719093
0.18500000  0.66568978  0.65777123
0.18600000  0.66622975  0.65833581
0.18700000  0.66675430  0.65888483
0.18800000  0.66726360  0.65941843
0.18900000  0.66775779  0.65993677
0.19000000  0.66823702  0.66044001
0.19100000  0.66870145  0.66092828
0.19200000  0.66915121  0.66140175
0.19300000  0.66958646  0.66186056
0.19400000  0.67000734  0.66230486
0.19500000  0.67041399  0.66273478
0.19600000  0.67080656  0.66315048
0.19700000  0.67118518  0.66355209
0.19800000  0.67154999  0.66393975
0.19900000  0.67190113  0.66431361
0.20000000  0.67223874  0.66467380
0.20100000  0.67256296  0.66502045
0.20200000  0.67287390  0.66535371
0.20300000  0.67317171  0.66567370
0.20400000  0.67345652  0.66598055
0.20500000  0.67372846  0.66627440
0.20600000  0.67398765  0.66655538
0.20700000  0.67423422  0.66682362
0.20800000  0.67446830  0.66707923
0.20900000  0.67469001  0.66732235
0.21000000  0.67489947  0.66755311
0.21100000  0.67509681  0.66777161
0.21200000  0.67528215  0.66797800
0.21300000  0.67545560  0.66817238
0.21400000  0.67561729  0.66835487
0.21500000  0.67576733  0.66852560
0.21600000  0.67590584  0.66868469
0.21700000  0.67603293  0.66883223
0.21800000  0.67614871  0.66896837
0.21900000  0.67625331  0.66909319
0.22000000  0.67634682  0.66920683
0.22100000  0.67642936  0.66930938
0.22200000  0.67650105  0.66940097
0.22300000  0.67656198  0.66948169
0.22400000  0.67661226  0.66955167
0.22500000  0.67665200  0.66961099
0.22600000  0.67668131  0.66965978
0.22700000  0.67670029  0.66969813
0.22800000  0.67670904  0.66972614
0.22900000  0.67670766  0.66974393
0.23000000  0.67669626  0.66975160
0.23100000  0.67667493  0.66974924
0.23200000  0.67664377  0.66973695
0.23300000  0.67660288  0.66971483
0.23400000  0.67655236  0.66968299
0.23500000  0.67649231  0.66964151
0.23600000  0.67642281  0.66959049
0.23700000  0.67634396  0.66953003
0.23800000  0.67625586  0.66946023
0.23900000  0.67615860  0.66938117
0.24000000  0.67605226  0.66929294
0.24100000  0.67593694  0.66919565
0.24200000  0.67581273  0.66908937
0.24300000  0.67567972  0.66897420
0.24400000  0.67553799  0.66885023
0.24500000  0.67538763  0.66871754
0.24600000  0.67522873  0.66857622
0.24700000  0.67506137  0.66842635
0.24800000  0.67488563  0.66826803
0.24900000  0.67470161  0.66810134
0.25000000  0.67450937  0.66792635
0.25100000  0.67430901  0.66774316
0.25200000  0.67410060  0.66755183
0.25300000  0.67388423  0.66735247
0.25400000  0.67365997  0.66714513
0.25500000  0.67342790  0.66692991
0.25600000  0.67318810  0.66670688
0.25700000  0.67294065  0.66647612
0.25800000  0.67268562  0.66623771
0.25900000  0.67242309  0.66599172
0.26000000  0.67215313  0.66573823
0.26100000  0.67187582  0.66547731
0.26200000  0.67159122  0.66520903
0.26300000  0.67129942  0.66493348
0.26400000  0.67100049  0.66465072
0.26500000  0.67069449  0.66436082
0.26600000  0.67038149  0.66406385
0.26700000  0.67006157  0.66375990
0.26800000  0.66973479  0.66344901
0.26900000  0.66940122  0.66313127
0.27000000  0.66906094  0.66280675
0.27100000  0.66871399  0.66247550
0.27200000  0.66836047  0.66213759
0.27300000  0.66800042  0.66179310
0.27400000  0.66763391  0.66144209
0.27500000  0.66726101  0.66108462
0.27600000  0.66688178  0.66072076
0.27700000  0.66649629  0.66035057
0.27800000  0.66610459  0.65997411
0.27900000  0.66570675  0.65959145
0.28000000  0.66530282  0.65920265
0.28100000  0.66489288  0.65880776
0.28200000  0.66447698  0.65840686
0.28300000  0.66405517  0.65799999
0.28400000  0.66362753  0.65758723
0.28500000  0.66319409  0.65716862
0.28600000  0.66275494  0.65674422
0.28700000  0.66231011  0.65631410
0.28800000  0.66185967  0.65587831
0.28900000  0.66140367  0.65543691
0.29000000  0.66094216  0.65498995
0.29100000  0.66047521  0.65453748
0.29200000  0.66000287  0.65407957
0.29300000  0.65952519  0.65361626
0.29400000  0.65904222  0.65314762
0.29500000  0.65855402  0.65267369
0.29600000  0.65806063  0.65219452
0.29700000  0.65756212  0.65171017
0.29800000  0.65705852  0.65122070
0.29900000  0.65654990  0.65072614
0.30000000  0.65603630  0.65022655
0.30100000  0.65551777  0.64972199
0.30200000  0.65499436  0.64921249
0.30300000  0.65446611  0.64869812
0.30400000  0.65393309  0.64817891
0.30500000  0.65339533  0.64765492
0.30600000  0.65285287  0.64712620
0.30700000  0.65230578  0.64659278
0.30800000  0.65175409  0.64605473
0.30900000  0.65119785  0.64551207
0.31000000  0.65063711  0.64496487
0.31100000  0.65007190  0.64441316
0.31200000  0.64950229  0.64385700
0.31300000  0.64892829  0.64329641
0.31400000  0.64834997  0.64273146
0.31500000  0.64776737  0.64216217
0.31600000  0.64718052  0.64158861
0.31700000  0.64658947  0.64101079
0.31800000  0.64599427  0.64042878
0.31900000  0.64539494  0.63984261
0.32000000  0.64479154  0.63925232
0.32100000  0.64418411  0.63865796
0.32200000  0.64357268  0.63805956
0.32300000  0.64295729  0.63745717
0.32400000  0.64233798  0.63685081
0.32500000  0.64171480  0.63624055
0.32600000  0.64108778  0.63562640
0.32700000  0.64045696  0.63500842
0.32800000  0.63982238  0.63438663
0.32900000  0.63918407  0.63376109
0.33000000  0.63854208  0.63313181
0.33100000  0.63789643  0.63249885
0.33200000  0.63724716  0.63186224
0.33300000  0.63659432  0.63122201
0.33400000  0.63593793  0.63057821
0.33500000  0.63527804  0.62993085
0.33600000  0.63461467  0.62928000
0.33700000  0.63394786  0.62862566
0.33800000  0.63327765  0.62796789
0.33900000  0.63260407  0.62730671
0.34000000  0.63192715  0.62664217
0.34100000  0.63124692  0.62597428
0.34200000  0.63056343  0.62530309
0.34300000  0.62987669  0.62462863
0.34400000  0.62918675  0.62395093
0.34500000  0.62849363  0.62327003
0.34600000  0.62779738  0.62258595
0.34700000  0.62709801  0.62189872
0.34800000  0.62639555  0.62120839
0.34900000  0.62569005  0.62051497
0.35000000  0.62498153  0.61981851
0.35100000  0.62427002  0.61911902
0.35200000  0.62355555  0.61841655
0.35300000  0.62283815  0.61771111
0.35400000  0.62211785  0.61700274
0.35500000  0.62139467  0.61629148
0.35600000  0.62066865  0.61557734
0.35700000  0.61993982  0.61486035
0.35800000  0.61920820  0.61414055
0.35900000  0.61847382  0.61341797
0.36000000  0.61773670  0.61269262
0.36100000  0.61699688  0.61196454
0.36200000  0.61625439  0.61123376
0.36300000  0.61550924  0.61050030
0.36400000  0.61476146  0.60976418
0.36500000  0.61401109  0.60902544
0.36600000  0.61325814  0.60828410
0.36700000  0.61250265  0.60754019
0.36800000  0.61174463  0.60679373
0.36900000  0.61098412  0.60604475
0.37000000  0.61022113  0.60529327
0.37100000  0.60945570  0.60453932
0.37200000  0.60868784  0.60378292
0.37300000  0.60791758  0.60302410
0.37400000  0.60714495  0.60226288
0.37500000  0.60636997  0.60149928
0.37600000  0.60559266  0.60073333
0.37700000  0.60481304  0.59996505
0.37800000  0.60403114  0.59919447
0.37900000  0.60324698  0.59842160
0.38000000  0.60246058  0.59764648
0.38100000  0.60167197  0.59686912
0.38200000  0.60088117  0.59608954
0.38300000  0.60008819  0.59530777
0.38400000  0.59929307  0.59452383
0.38500000  0.59849582  0.59373774
0.38600000  0.59769646  0.59294952
0.38700000  0.59689501  0.59215920
0.38800000  0.59609150  0.59136679
0.38900000  0.59528595  0.59057231
0.39000000  0.59447837  0.58977579
0.39100000  0.59366879  0.58897725
0.39200000  0.59285722  0.58817670
0.39300000  0.59204369  0.58737417
0.39400000  0.59122821  0.58656967
0.39500000  0.59041081  0.58576323
0.39600000  0.58959150  0.58495486
0.39700000  0.58877031  0.58414459
0.39800000  0.58794724  0.58333243
0.39900000  0.58712233  0.58251840
0.40000000  0.58629559  0.58170252
0.40100000  0.58546703  0.58088481
0.40200000  0.58463667  0.58006529
0.40300000  0.58380454  0.57924397
0.40400000  0.58297065  0.57842087
0.40500000  0.58213502  0.57759601
0.40600000  0.58129766  0.57676941
0.40700000  0.58045859  0.57594109
0.40800000  0.57961784  0.57511106
0.40900000  0.57877541  0.57427934
0.41000000  0.57793132  0.57344594
0.41100000  0.57708559  0.57261088
0.41200000  0.57623824  0.57177419
0.41300000  0.57538928  0.57093587
0.41400000  0.57453872  0.57009594
0.41500000  0.57368659  0.56925442
0.41600000  0.57283290  0.56841133
0.41700000  0.57197766  0.56756667
0.41800000  0.57112090  0.56672047
0.41900000  0.57026262  0.56587274
0.42000000  0.56940284  0.56502349
0.42100000  0.56854157  0.56417275
0.42200000  0.56767884  0.56332051
0.42300000  0.56681465  0.56246681
0.42400000  0.56594902  0.56161166
0.42500000  0.56508196  0.56075506
0.42600000  0.56421349  0.55989704
0.42700000  0.56334362  0.55903760
0.42800000  0.56247237  0.55817677
0.42900000  0.56159975  0.55731455
0.43000000  0.56072577  0.55645096
0.43100000  0.55985045  0.55558602
0.43200000  0.55897380  0.55471973
0.43300000  0.55809583  0.55385211
0.43400000  0.55721655  0.55298318
0.43500000  0.55633599  0.55211294
0.43600000  0.55545415  0.55124141
0.43700000  0.55457104  0.55036860
0.43800000  0.55368668  0.54949453
0.43900000  0.55280109  0.54861920
0.44000000  0.55191426  0.54774264
0.44100000  0.55102622  0.54686484
0.44200000  0.55013697  0.54598583
0.44300000  0.54924653  0.54510562
0.44400000  0.54835492  0.54422422
0.44500000  0.54746213  0.54334164
0.44600000  0.54656819  0.54245789
0.44700000  0.54567311  0.54157298
0.44800000  0.54477689  0.54068693
0.44900000  0.54387955  0.53979974
0.45000000  0.54298109  0.53891143
0.45100000  0.54208154  0.53802202
0.45200000  0.54118090  0.53713150
0.45300000  0.54027918  0.53623989
0.45400000  0.53937640  0.53534721
0.45500000  0.53847255  0.53445345
0.45600000  0.53756766  0.53355864
0.45700000  0.53666174  0.53266279
0.45800000  0.53575479  0.53176590
0.45900000  0.53484682  0.53086798
0.46000000  0.53393785  0.52996905
0.46100000  0.53302789  0.52906911
0.46200000  0.53211694  0.52816818
0.46300000  0.53120501  0.52726626
0.46400000  0.53029212  0.52636337
0.46500000  0.52937827  0.52545951
0.46600000  0.52846347  0.52455469
0.46700000  0.52754774  0.52364893
0.46800000  0.52663108  0.52274223
0.46900000  0.52571350  0.52183461
0.47000000  0.52479501  0.52092606
0.47100000  0.52387562  0.52001661
0.47200000  0.52295534  0.51910625
0.47300000  0.52203418  0.51819500
0.47400000  0.52111214  0.51728287
0.47500000  0.52018924  0.51636987
0.47600000  0.51926548  0.51545600
0.47700000  0.51834087  0.51454128
0.47800000  0.51741543  0.51362570
0.47900000  0.51648915  0.51270929
0.48000000  0.51556205  0.51179204
0.48100000  0.51463413  0.51087398
0.48200000  0.51370541  0.50995510
0.48300000  0.51277589  0.50903541
0.48400000  0.51184558  0.50811492
0.48500000  0.51091448  0.50719364
0.48600000  0.50998262  0.50627158
0.48700000  0.50904998  0.50534874
0.48800000  0.50811658  0.50442514
0.48900000  0.50718243  0.50350078
0.49000000  0.50624754  0.50257566
0.49100000  0.50531191  0.50164980
0.49200000  0.50437555  0.50072321
0.49300000  0.50343847  0.49979588
0.49400000  0.50250067  0.49886783
0.49500000  0.50156216  0.49793906
0.49600000  0.50062295  0.49700959
0.49700000  0.49968305  0.49607942
0.49800000  0.49874246  0.49514855
0.49900000  0.49780119  0.49421699
0.50000000  0.49685925  0.49328475
0.50100000  0.49591663  0.49235184
0.50200000  0.49497336  0.49141826
0.50300000  0.49402944  0.49048403
0.50400000  0.49308486  0.48954913
0.50500000  0.49213965  0.48861359
0.50600000  0.49119380  0.48767741
0.50700000  0.49024733  0.48674060
0.50800000  0.48930023  0.48580315
0.50900000  0.48835251  0.48486509
0.51000000  0.48740419  0.48392641
0.51100000  0.48645526  0.48298712
0.51200000  0.48550573  0.48204722
0.51300000  0.48455562  0.48110673
0.51400000  0.48360491  0.48016565
0.51500000  0.48265363  0.47922398
0.51600000  0.48170177  0.47828173
0.51700000  0.48074935  0.47733890
0.51800000  0.47979636  0.47639551
0.51900000  0.47884282  0.47545156
0.52000000  0.47788872  0.47450704
0.52100000  0.47693408  0.47356198
0.52200000  0.47597889  0.47261637
0.52300000  0.47502317  0.47167022
0.52400000  0.47406692  0.47072353
0.52500000  0.47311015  0.46977632
0.52600000  0.47215285  0.46882858
0.52700000  0.47119505  0.46788032
0.52800000  0.47023673  0.46693154
0.52900000  0.46927791  0.46598226
0.53000000  0.46831859  0.46503247
0.53100000  0.46735877  0.46408218
0.53200000  0.46639847  0.46313140
0.53300000  0.46543768  0.46218013
0.53400000  0.46447641  0.46122837
0.53500000  0.46351467  0.46027614
0.53600000  0.46255246  0.45932343
0.53700000  0.46158978  0.45837025
0.53800000  0.46062664  0.45741660
0.53900000  0.45966304  0.45646250
0.54000000  0.45869900  0.45550794
0.54100000  0.45773450  0.45455292
0.54200000  0.45676957  0.45359746
0.54300000  0.45580419  0.45264156
0.54400000  0.45483838  0.45168521
0.54500000  0.45387214  0.45072844
0.54600000  0.45290548  0.44977123
0.54700000  0.45193839  0.44881360
0.54800000  0.45097089  0.44785555
0.54900000  0.45000298  0.44689708
0.55000000  0.44903465  0.44593820
0.55100000  0.44806592  0.44497891
0.55200000  0.44709679  0.44401921
0.55300000  0.44612727  0.44305912
0.55400000  0.44515735  0.44209862
0.55500000  0.44418704  0.44113774
0.55600000  0.44321635  0.44017647
0.55700000  0.44224528  0.43921481
0.55800000  0.44127383  0.43825277
0.55900000  0.44030201  0.43729035
0.56000000  0.43932981  0.43632756
0.56100000  0.43835725  0.43536440
0.56200000  0.43738433  0.43440087
0.56300000  0.43641105  0.43343698
0.56400000  0.43543742  0.43247274
0.56500000  0.43446343  0.43150813
0.56600000  0.43348909  0.43054318
0.56700000  0.43251441  0.42957788
0.56800000  0.43153939  0.42861223
0.56900000  0.43056403  0.42764624
0.57000000  0.42958833  0.42667991
0.57100000  0.42861231  0.42571325
0.57200000  0.42763595  0.42474626
0.57300000  0.42665927  0.42377894
0.57400000  0.42568227  0.42281129
0.57500000  0.42470496  0.42184332
0.57600000  0.42372732  0.42087504
0.57700000  0.42274938  0.41990644
0.57800000  0.42177112  0.41893753
0.57900000  0.42079256  0.41796830
0.58000000  0.41981370  0.41699878
0.58100000  0.41883454  0.41602895
0.58200000  0.41785508  0.41505882
0.58300000  0.41687532  0.41408839
0.58400000  0.41589528  0.41311767
0.58500000  0.41491495  0.41214666
0.58600000  0.41393433  0.41117536
0.58700000  0.41295343  0.41020378
0.58800000  0.41197225  0.40923191
0.58900000  0.41099080  0.40825976
0.59000000  0.41000907  0.40728734
0.59100000  0.40902707  0.40631464
0.59200000  0.40804480  0.40534168
0.59300000  0.40706226  0.40436844
0.59400000  0.40607946  0.40339494
0.59500000  0.40509640  0.40242117
0.59600000  0.40411309  0.40144715
0.59700000  0.40312951  0.40047286
0.59800000  0.40214569  0.39949832
0.59900000  0.40116161  0.39852353
0.60000000  0.40017729  0.39754849
0.60100000  0.39919272  0.39657320
0.60200000  0.39820791  0.39559766
0.60300000  0.39722286  0.39462188
0.60400000  0.39623757  0.39364586
0.60500000  0.39525204  0.39266960
0.60600000  0.39426628  0.39169311
0.60700000  0.39328029  0.39071638
0.60800000  0.39229407  0.38973943
0.60900000  0.39130762  0.38876224
0.61000000  0.39032095  0.38778483
0.61100000  0.38933406  0.38680719
0.61200000  0.38834695  0.38582933
0.61300000  0.38735962  0.38485125
0.61400000  0.38637207  0.38387295
0.61500000  0.38538431  0.38289444
0.61600000  0.38439634  0.38191571
0.61700000  0.38340816  0.38093678
0.61800000  0.38241978  0.37995763
0.61900000  0.38143118  0.37897828
0.62000000  0.38044239  0.37799872
0.62100000  0.37945339  0.37701896
0.62200000  0.37846420  0.37603899
0.62300000  0.37747481  0.37505883
0.62400000  0.37648522  0.37407847
0.62500000  0.37549544  0.37309792
0.62600000  0.37450547  0.37211717
0.62700000  0.37351531  0.37113624
0.62800000  0.37252497  0.37015511
0.62900000  0.37153443  0.36917380
0.63000000  0.37054372  0.36819230
0.63100000  0.36955282  0.36721061
0.63200000  0.36856174  0.36622875
0.63300000  0.36757049  0.36524670
0.63400000  0.36657905  0.36426448
0.63500000  0.36558745  0.36328208
0.63600000  0.36459567  0.36229951
0.63700000  0.36360372  0.36131676
0.63800000  0.36261160  0.36033384
0.63900000  0.36161931  0.35935075
0.64000000  0.36062685  0.35836750
0.64100000  0.35963423  0.35738408
0.64200000  0.35864145  0.35640049
0.64300000  0.35764851  0.35541674
0.64400000  0.35665540  0.35443283
0.64500000  0.35566214  0.35344876
0.64600000  0.35466873  0.35246453
0.64700000  0.35367515  0.35148015
0.64800000  0.35268143  0.35049561
0.64900000  0.35168755  0.34951092
0.65000000  0.35069352  0.34852607
0.65100000  0.34969935  0.34754108
0.65200000  0.34870502  0.34655593
0.65300000  0.34771055  0.34557064
0.65400000  0.34671594  0.34458520
0.65500000  0.34572118  0.34359962
0.65600000  0.34472628  0.34261390
0.65700000  0.34373124  0.34162803
0.65800000  0.34273606  0.34064202
0.65900000  0.34174075  0.33965588
0.66000000  0.34074529  0.33866960
0.66100000  0.33974971  0.33768318
0.66200000  0.33875399  0.33669662
0.66300000  0.33775814  0.33570994
0.66400000  0.33676215  0.33472312
0.66500000  0.33576604  0.33373617
0.66600000  0.33476980  0.33274909
0.66700000  0.33377344  0.33176188
0.66800000  0.33277694  0.33077455
0.66900000  0.33178033  0.32978709
0.67000000  0.33078359  0.32879951
0.67100000  0.32978673  0.32781180
0.67200000  0.32878974  0.32682397
0.67300000  0.32779264  0.32583602
0.67400000  0.32679542  0.32484795
0.67500000  0.32579809  0.32385977
0.67600000  0.32480063  0.32287146
0.67700000  0.32380307  0.32188304
0.67800000  0.32280538  0.32089451
0.67900000  0.32180759  0.31990586
0.68000000  0.32080968  0.31891710
0.68100000  0.31981167  0.31792822
0.68200000  0.31881354  0.31693924
0.68300000  0.31781531  0.31595015
0.68400000  0.31681697  0.31496095
0.68500000  0.31581853  0.31397164
0.68600000  0.31481998  0.31298223
0.68700000  0.31382132  0.31199271
0.68800000  0.31282256  0.31100309
0.68900000  0.31182371  0.31001337
0.69000000  0.31082475  0.30902354
0.69100000  0.30982569  0.30803361
0.69200000  0.30882653  0.30704359
0.69300000  0.30782727  0.30605346
0.69400000  0.30682792  0.30506324
0.69500000  0.30582847  0.30407292
0.69600000  0.30482893  0.30308250
0.69700000  0.30382929  0.30209199
0.69800000  0.30282956  0.30110139
0.69900000  0.30182973  0.30011069
0.70000000  0.30082982  0.29911990
0.70100000  0.29982982  0.29812902
0.70200000  0.29882972  0.29713805
0.70300000  0.29782954  0.29614698
0.70400000  0.29682927  0.29515583
0.70500000  0.29582891  0.29416460
0.70600000  0.29482847  0.29317327
0.70700000  0.29382794  0.29218186
0.70800000  0.29282733  0.29119037
0.70900000  0.29182664  0.29019879
0.71000000  0.29082586  0.28920713
0.71100000  0.28982500  0.28821538
0.71200000  0.28882406  0.28722356
0.71300000  0.28782304  0.28623165
0.71400000  0.28682194  0.28523966
0.71500000  0.28582076  0.28424760
0.71600000  0.28481951  0.28325545
0.71700000  0.28381817  0.28226323
0.71800000  0.28281677  0.28127093
0.71900000  0.28181528  0.28027855
0.72000000  0.28081372  0.27928610
0.72100000  0.27981209  0.27829358
0.72200000  0.27881038  0.27730098
0.72300000  0.27780861  0.27630830
0.72400000  0.27680676  0.27531556
0.72500000  0.27580483  0.27432274
0.72600000  0.27480284  0.27332985
0.72700000  0.27380078  0.27233689
0.72800000  0.27279865  0.27134387
0.72900000  0.27179645  0.27035077
0.73000000  0.27079419  0.26935760
0.73100000  0.26979186  0.26836437
0.73200000  0.26878946  0.26737107
0.73300000  0.26778699  0.26637770
0.73400000  0.26678446  0.26538427
0.73500000  0.26578187  0.26439078
0.73600000  0.26477921  0.26339722
0.73700000  0.26377649  0.26240359
0.73800000  0.26277371  0.26140990
0.73900000  0.26177087  0.26041615
0.74000000  0.26076796  0.25942234
0.74100000  0.25976500  0.25842847
0.74200000  0.25876197  0.25743454
0.74300000  0.25775888  0.25644054
0.74400000  0.25675574  0.25544649
0.74500000  0.25575254  0.25445238
0.74600000  0.25474928  0.25345821
0.74700000  0.25374596  0.25246399
0.74800000  0.25274259  0.25146970
0.74900000  0.25173916  0.25047536
0.75000000  0.25073568  0.24948097
0.75100000  0.24973214  0.24848651
0.75200000  0.24872854  0.24749201
0.75300000  0.24772490  0.24649745
0.75400000  0.24672120  0.24550283
0.75500000  0.24571745  0.24450817
0.75600000  0.24471364  0.24351345
0.75700000  0.24370978  0.24251868
0.75800000  0.24270588  0.24152385
0.75900000  0.24170192  0.24052898
0.76000000  0.24069791  0.23953405
0.76100000  0.23969385  0.23853908
0.76200000  0.23868975  0.23754405
0.76300000  0.23768559  0.23654898
0.76400000  0.23668139  0.23555386
0.76500000  0.23567714  0.23455869
0.76600000  0.23467284  0.23356347
0.76700000  0.23366850  0.23256820
0.76800000  0.23266411  0.23157289
0.76900000  0.23165967  0.23057753
0.77000000  0.23065519  0.22958213
0.77100000  0.22965066  0.22858668
0.77200000  0.22864609  0.22759119
0.77300000  0.22764148  0.22659565
0.77400000  0.22663682  0.22560007
0.77500000  0.22563212  0.22460444
0.77600000  0.22462737  0.22360877
0.77700000  0.22362259  0.22261306
0.77800000  0.22261776  0.22161731
0.77900000  0.22161289  0.22062151
0.78000000  0.22060798  0.21962568
0.78100000  0.21960303  0.21862980
0.78200000  0.21859804  0.21763388
0.78300000  0.21759300  0.21663792
0.78400000  0.21658793  0.21564192
0.78500000  0.21558282  0.21464589
0.78600000  0.21457768  0.21364981
0.78700000  0.21357249  0.21265370
0.78800000  0.21256727  0.21165754
0.78900000  0.21156201  0.21066135
0.79000000  0.21055671  0.20966512
0.79100000  0.20955137  0.20866886
0.79200000  0.20854600  0.20767255
0.79300000  0.20754059  0.20667622
0.79400000  0.20653515  0.20567984
0.79500000  0.20552967  0.20468343
0.79600000  0.20452416  0.20368699
0.79700000  0.20351861  0.20269050
0.79800000  0.20251303  0.20169399
0.79900000  0.20150741  0.20069744
0.80000000  0.20050176  0.19970086
0.80100000  0.19949608  0.19870424
0.80200000  0.19849036  0.19770759
0.80300000  0.19748462  0.19671091
0.80400000  0.19647884  0.19571419
0.80500000  0.19547302  0.19471745
0.80600000  0.19446718  0.19372067
0.80700000  0.19346130  0.19272385
0.80800000  0.19245540  0.19172701
0.80900000  0.19144946  0.19073014
0.81000000  0.19044349  0.18973323
0.81100000  0.18943750  0.18873630
0.81200000  0.18843147  0.18773934
0.81300000  0.18742541  0.18674234
0.81400000  0.18641933  0.18574532
0.81500000  0.18541321  0.18474827
0.81600000  0.18440707  0.18375118
0.81700000  0.18340090  0.18275407
0.81800000  0.18239470  0.18175694
0.81900000  0.18138847  0.18075977
0.82000000  0.18038222  0.17976257
0.82100000  0.17937594  0.17876535
0.82200000  0.17836963  0.17776810
0.82300000  0.17736329  0.17677083
0.82400000  0.17635693  0.17577353
0.82500000  0.17535054  0.17477620
0.82600000  0.17434413  0.17377884
0.82700000  0.17333769  0.17278146
0.82800000  0.17233123  0.17178405
0.82900000  0.17132474  0.17078662
0.83000000  0.17031822  0.16978917
0.83100000  0.16931168  0.16879168
0.83200000  0.16830512  0.16779418
0.83300000  0.16729853  0.16679665
0.83400000  0.16629192  0.16579909
0.83500000  0.16528528  0.16480151
0.83600000  0.16427863  0.16380391
0.83700000  0.16327194  0.16280628
0.83800000  0.16226524  0.16180864
0.83900000  0.16125851  0.16081096
0.84000000  0.16025176  0.15981327
0.84100000  0.15924499  0.15881555
0.84200000  0.15823820  0.15781781
0.84300000  0.15723138  0.15682005
0.84400000  0.15622454  0.15582227
0.84500000  0.15521768  0.15482446
0.84600000  0.15421080  0.15382664
0.84700000  0.15320390  0.15282879
0.84800000  0.15219698  0.15183092
0.84900000  0.15119004  0.15083303
0.85000000  0.15018307  0.14983512
0.85100000  0.14917609  0.14883719
0.85200000  0.14816909  0.14783924
0.85300000  0.14716207  0.14684127
0.85400000  0.14615502  0.14584328
0.85500000  0.14514796  0.14484527
0.85600000  0.14414088  0.14384724
0.85700000  0.14313378  0.14284920
0.85800000  0.14212666  0.14185113
0.85900000  0.14111953  0.14085304
0.86000000  0.14011237  0.13985494
0.86100000  0.13910520  0.13885682
0.86200000  0.13809801  0.13785867
0.86300000  0.13709080  0.13686052
0.86400000  0.13608357  0.13586234
0.86500000  0.13507632  0.13486414
0.86600000  0.13406906  0.13386593
0.86700000  0.13306178  0.13286770
0.86800000  0.13205449  0.13186946
0.86900000  0.13104717  0.13087119
0.87000000  0.13003984  0.12987291
0.87100000  0.12903250  0.12887462
0.87200000  0.12802513  0.12787630
0.87300000  0.12701775  0.12687797
0.87400000  0.12601036  0.12587963
0.87500000  0.12500295  0.12488126
0.87600000  0.12399552  0.12388289
0.87700000  0.12298808  0.12288449
0.87800000  0.12198062  0.12188608
0.87900000  0.12097315  0.12088766
0.88000000  0.11996566  0.11988922
0.88100000  0.11895816  0.11889076
0.88200000  0.11795064  0.11789229
0.88300000  0.11694311  0.11689381
0.88400000  0.11593557  0.11589531
0.88500000  0.11492801  0.11489680
0.88600000  0.11392043  0.11389827
0.88700000  0.11291284  0.11289973
0.88800000  0.11190524  0.11190117
0.88900000  0.11089762  0.11090260
0.89000000  0.10988999  0.10990402
0.89100000  0.10888235  0.10890542
0.89200000  0.10787469  0.10790681
0.89300000  0.10686702  0.10690818
0.89400000  0.10585934  0.10590955
0.89500000  0.10485164  0.10491090
0.89600000  0.10384393  0.10391223
0.89700000  0.10283621  0.10291356
0.89800000  0.10182847  0.10191487
0.89900000  0.10082073  0.10091616
0.90000000  0.099812968  0.099917450
0.90100000  0.098805196  0.098918723
0.90200000  0.097797412  0.097919985
0.90300000  0.096789617  0.096921234
0.90400000  0.095781809  0.095922471
0.90500000  0.094773990  0.094923696
0.90600000  0.093766159  0.093924909
0.90700000  0.092758316  0.092926111
0.90800000  0.091750462  0.091927302
0.90900000  0.090742597  0.090928480
0.91000000  0.089734721  0.089929648
0.91100000  0.088726834  0.088930805
0.91200000  0.087718935  0.087931950
0.91300000  0.086711026  0.086933085
0.91400000  0.085703106  0.085934208
0.91500000  0.084695176  0.084935321
0.91600000  0.083687235  0.083936423
0.91700000  0.082679284  0.082937515
0.91800000  0.081671322  0.081938597
0.91900000  0.080663350  0.080939668
0.92000000  0.079655368  0.079940729
0.92100000  0.078647376  0.078941779
0.92200000  0.077639374  0.077942820
0.92300000  0.076631362  0.076943851
0.92400000  0.075623341  0.075944872
0.92500000  0.074615310  0.074945883
0.92600000  0.073607269  0.073946885
0.92700000  0.072599219  0.072947877
0.92800000  0.071591160  0.071948860
0.92900000  0.070583092  0.070949833
0.93000000  0.069575014  0.069950798
0.93100000  0.068566927  0.068951753
0.93200000  0.067558831  0.067952699
0.93300000  0.066550727  0.066953636
0.93400000  0.065542613  0.065954564
0.93500000  0.064534491  0.064955484
0.93600000  0.063526361  0.063956394
0.93700000  0.062518222  0.062957296
0.93800000  0.061510074  0.061958190
0.93900000  0.060501918  0.060959075
0.94000000  0.059493754  0.059959952
0.94100000  0.058485581  0.058960820
0.94200000  0.057477401  0.057961681
0.94300000  0.056469212  0.056962533
0.94400000  0.055461016  0.055963377
0.94500000  0.054452811  0.054964213
0.94600000  0.053444599  0.053965042
0.94700000  0.052436379  0.052965862
0.94800000  0.051428152  0.051966675
0.94900000  0.050419917  0.050967480
0.95000000  0.049411674  0.049968278
0.95100000  0.048403424  0.048969068
0.95200000  0.047395167  0.047969851
0.95300000  0.046386902  0.046970627
0.95400000  0.045378630  0.045971395
0.95500000  0.044370351  0.044972156
0.95600000  0.043362065  0.043972910
0.95700000  0.042353772  0.042973656
0.95800000  0.041345473  0.041974396
0.95900000  0.040337166  0.040975129
0.96000000  0.039328852  0.039975855
0.96100000  0.038320532  0.038976575
0.96200000  0.037312205  0.037977287
0.96300000  0.036303872  0.036977993
0.96400000  0.035295532  0.035978692
0.96500000  0.034287186  0.034979385
0.96600000  0.033278833  0.033980072
0.96700000  0.032270474  0.032980752
0.96800000  0.031262109  0.031981426
0.96900000  0.030253737  0.030982093
0.97000000  0.029245360  0.029982754
0.97100000  0.028236976  0.028983410
0.97200000  0.027228587  0.027984059
0.97300000  0.026220191  0.026984702
0.97400000  0.025211789  0.025985339
0.97500000  0.024203382  0.024985970
0.97600000  0.023194969  0.023986596
0.97700000  0.022186550  0.022987215
0.97800000  0.021178126  0.021987829
0.97900000  0.020169696  0.020988438
0.98000000  0.019161260  0.019989040
0.98100000  0.018152819  0.018989637
0.98200000  0.017144372  0.017990229
0.98300000  0.016135920  0.016990815
0.98400000  0.015127463  0.015991396
0.98500000  0.014119001  0.014991972
0.98600000  0.013110533  0.013992542
0.98700000  0.012102060  0.012993107
0.98800000  0.011093582  0.011993667
0.98900000  0.010085099  0.010994222
0.99000000  0.0090766108  0.0099947712
0.99100000  0.0080681177  0.0089953159
0.99200000  0.0070596197  0.0079958556
0.99300000  0.0060511168  0.0069963903
0.99400000  0.0050426091  0.0059969202
0.99500000  0.0040340967  0.0049974453
0.99600000  0.0030255795  0.0039979656
0.99700000  0.0020170576  0.0029984812
0.99800000  0.0010085311  0.0019989921
0.99900000  4.5399930E-09  0.00099949832
1.0000000  0.0000000  5.8885730E-18
