Results of program main.cpp, numerical - analytical
0.0000000  0.17830119  0.0000000
0.010000000  0.25340341  0.085163036
0.020000000  0.32031833  0.16127015
0.030000000  0.37982506  0.22918314
0.040000000  0.43262859  0.28968177
0.050000000  0.47936682  0.34347161
0.060000000  0.52061693  0.39119109
0.070000000  0.55690118  0.43341787
0.080000000  0.58869215  0.47067467
0.090000000  0.61641742  0.50343443
0.10000000  0.64046389  0.53212510
0.11000000  0.66118166  0.55713391
0.12000000  0.67888748  0.57881124
0.13000000  0.69386799  0.59747411
0.14000000  0.70638252  0.61340939
0.15000000  0.71666575  0.62687665
0.16000000  0.72493002  0.63811075
0.17000000  0.73136745  0.64732419
0.18000000  0.73615190  0.65470928
0.19000000  0.73944066  0.66044001
0.20000000  0.74137606  0.66467380
0.21000000  0.74208690  0.66755311
0.22000000  0.74168971  0.66920683
0.23000000  0.74028993  0.66975160
0.24000000  0.73798297  0.66929294
0.25000000  0.73485516  0.66792635
0.26000000  0.73098462  0.66573823
0.27000000  0.72644202  0.66280675
0.28000000  0.72129132  0.65920265
0.29000000  0.71559038  0.65498995
0.30000000  0.70939158  0.65022655
0.31000000  0.70274229  0.64496487
0.32000000  0.69568537  0.63925232
0.33000000  0.68825962  0.63313181
0.34000000  0.68050014  0.62664217
0.35000000  0.67243868  0.61981851
0.36000000  0.66410399  0.61269262
0.37000000  0.65552206  0.60529327
0.38000000  0.64671642  0.59764648
0.39000000  0.63770837  0.58977579
0.40000000  0.62851716  0.58170252
0.41000000  0.61916022  0.57344594
0.42000000  0.60965333  0.56502349
0.43000000  0.60001075  0.55645096
0.44000000  0.59024539  0.54774264
0.45000000  0.58036895  0.53891143
0.46000000  0.57039199  0.52996905
0.47000000  0.56032407  0.52092606
0.48000000  0.55017386  0.51179204
0.49000000  0.53994919  0.50257566
0.50000000  0.52965713  0.49328475
0.51000000  0.51930410  0.48392641
0.52000000  0.50889591  0.47450704
0.53000000  0.49843781  0.46503247
0.54000000  0.48793454  0.45550794
0.55000000  0.47739040  0.44593820
0.56000000  0.46680928  0.43632756
0.57000000  0.45619470  0.42667991
0.58000000  0.44554985  0.41699878
0.59000000  0.43487760  0.40728734
0.60000000  0.42418057  0.39754849
0.61000000  0.41346110  0.38778483
0.62000000  0.40272134  0.37799872
0.63000000  0.39196322  0.36819230
0.64000000  0.38118849  0.35836750
0.65000000  0.37039872  0.34852607
0.66000000  0.35959534  0.33866960
0.67000000  0.34877966  0.32879951
0.68000000  0.33795283  0.31891710
0.69000000  0.32711593  0.30902354
0.70000000  0.31626992  0.29911990
0.71000000  0.30541565  0.28920713
0.72000000  0.29455391  0.27928610
0.73000000  0.28368542  0.26935760
0.74000000  0.27281082  0.25942234
0.75000000  0.26193068  0.24948097
0.76000000  0.25104555  0.23953405
0.77000000  0.24015588  0.22958213
0.78000000  0.22926211  0.21962568
0.79000000  0.21836464  0.20966512
0.80000000  0.20746382  0.19970086
0.81000000  0.19655995  0.18973323
0.82000000  0.18565335  0.17976257
0.83000000  0.17474425  0.16978917
0.84000000  0.16383291  0.15981327
0.85000000  0.15291953  0.14983512
0.86000000  0.14200432  0.13985494
0.87000000  0.13108743  0.12987291
0.88000000  0.12016904  0.11988922
0.89000000  0.10924929  0.10990402
0.90000000  0.098328298  0.099917450
0.91000000  0.087406192  0.089929648
0.92000000  0.076483076  0.079940729
0.93000000  0.065559046  0.069950798
0.94000000  0.054634188  0.059959952
0.95000000  0.043708582  0.049968278
0.96000000  0.032782299  0.039975855
0.97000000  0.021855403  0.029982754
0.98000000  0.010927952  0.019989040
0.99000000  4.5399930E-07  0.0099947712
1.0000000  0.0000000  5.8885730E-18
