Results of program main.cpp, numerical - analytical
0.0000000  0.0000000  0.0000000
0.00099900100  0.0089412372  0.0089413199
0.0019980020  0.017783666  0.017783831
0.0029970030  0.026528269  0.026528515
0.0039960040  0.035176019  0.035176344
0.0049950050  0.043727878  0.043728282
0.0059940060  0.052184801  0.052185281
0.0069930070  0.060547726  0.060548286
0.0079920080  0.068817596  0.068818230
0.0089910090  0.076995329  0.076996039
0.0099900100  0.085081847  0.085082628
0.010989011  0.093078052  0.093078904
0.011988012  0.10098484  0.10098577
0.012987013  0.10880311  0.10880410
0.013986014  0.11653373  0.11653479
0.014985015  0.12417757  0.12417870
0.015984016  0.13173551  0.13173670
0.016983017  0.13920839  0.13920965
0.017982018  0.14659706  0.14659838
0.018981019  0.15390235  0.15390373
0.019980020  0.16112510  0.16112654
0.020979021  0.16826610  0.16826762
0.021978022  0.17532622  0.17532778
0.022977023  0.18230620  0.18230784
0.023976024  0.18920688  0.18920858
0.024975025  0.19602903  0.19603080
0.025974026  0.20277343  0.20277527
0.026973027  0.20944087  0.20944277
0.027972028  0.21603210  0.21603406
0.028971029  0.22254788  0.22254991
0.029970030  0.22898896  0.22899105
0.030969031  0.23535608  0.23535824
0.031968032  0.24164998  0.24165221
0.032967033  0.24787140  0.24787368
0.033966034  0.25402104  0.25402338
0.034965035  0.26009963  0.26010203
0.035964036  0.26610787  0.26611031
0.036963037  0.27204645  0.27204895
0.037962038  0.27791607  0.27791862
0.038961039  0.28371741  0.28372002
0.039960040  0.28945117  0.28945381
0.040959041  0.29511799  0.29512069
0.041958042  0.30071854  0.30072130
0.042957043  0.30625351  0.30625631
0.043956044  0.31172352  0.31172638
0.044955045  0.31712922  0.31713213
0.045954046  0.32247129  0.32247423
0.046953047  0.32775030  0.32775329
0.047952048  0.33296690  0.33296995
0.048951049  0.33812174  0.33812482
0.049950050  0.34321539  0.34321852
0.050949051  0.34824847  0.34825166
0.051948052  0.35322163  0.35322484
0.052947053  0.35813538  0.35813865
0.053946054  0.36299039  0.36299369
0.054945055  0.36778721  0.36779054
0.055944056  0.37252639  0.37252977
0.056943057  0.37720856  0.37721197
0.057942058  0.38183427  0.38183770
0.058941059  0.38640403  0.38640751
0.059940060  0.39091846  0.39092197
0.060939061  0.39537807  0.39538162
0.061938062  0.39978341  0.39978702
0.062937063  0.40413504  0.40413869
0.063936064  0.40843351  0.40843718
0.064935065  0.41267930  0.41268301
0.065934066  0.41687298  0.41687670
0.066933067  0.42101501  0.42101878
0.067932068  0.42510594  0.42510975
0.068931069  0.42914629  0.42915013
0.069930070  0.43313654  0.43314042
0.070929071  0.43707719  0.43708111
0.071928072  0.44096872  0.44097270
0.072927073  0.44481164  0.44481568
0.073926074  0.44860643  0.44861052
0.074925075  0.45235361  0.45235772
0.075924076  0.45605359  0.45605774
0.076923077  0.45970684  0.45971105
0.077922078  0.46331387  0.46331811
0.078921079  0.46687510  0.46687939
0.079920080  0.47039102  0.47039534
0.080919081  0.47386208  0.47386641
0.081918082  0.47728868  0.47729304
0.082917083  0.48067128  0.48067569
0.083916084  0.48401037  0.48401478
0.084915085  0.48730628  0.48731074
0.085914086  0.49055955  0.49056402
0.086913087  0.49377053  0.49377503
0.087912088  0.49693968  0.49694419
0.088911089  0.50006737  0.50007191
0.089910090  0.50315404  0.50315862
0.090909091  0.50620012  0.50620471
0.091908092  0.50920601  0.50921060
0.092907093  0.51217209  0.51217668
0.093906094  0.51509872  0.51510334
0.094905095  0.51798636  0.51799098
0.095904096  0.52083533  0.52083999
0.096903097  0.52364604  0.52365074
0.097902098  0.52641887  0.52642363
0.098901099  0.52915424  0.52915902
0.099900100  0.53185246  0.53185730
0.10089910  0.53451395  0.53451882
0.10189810  0.53713909  0.53714396
0.10289710  0.53972816  0.53973307
0.10389610  0.54228160  0.54228651
0.10489510  0.54479973  0.54480465
0.10589411  0.54728291  0.54728782
0.10689311  0.54973146  0.54973638
0.10789211  0.55214571  0.55215067
0.10889111  0.55452603  0.55453103
0.10989011  0.55687280  0.55687780
0.11088911  0.55918628  0.55919131
0.11188811  0.56146684  0.56147190
0.11288711  0.56371479  0.56371989
0.11388611  0.56593045  0.56593560
0.11488511  0.56811416  0.56811935
0.11588412  0.57026623  0.57027147
0.11688312  0.57238703  0.57239227
0.11788212  0.57447683  0.57448206
0.11888112  0.57653590  0.57654114
0.11988012  0.57856460  0.57856982
0.12087912  0.58056316  0.58056841
0.12187812  0.58253191  0.58253720
0.12287712  0.58447118  0.58447650
0.12387612  0.58638124  0.58638658
0.12487512  0.58826239  0.58826775
0.12587413  0.59011492  0.59012029
0.12687313  0.59193908  0.59194449
0.12787213  0.59373519  0.59374062
0.12887113  0.59550352  0.59550897
0.12987013  0.59724434  0.59724981
0.13086913  0.59895795  0.59896341
0.13186813  0.60064456  0.60065005
0.13286713  0.60230448  0.60231000
0.13386613  0.60393796  0.60394352
0.13486513  0.60554533  0.60555087
0.13586414  0.60712676  0.60713231
0.13686314  0.60868254  0.60868810
0.13786214  0.61021294  0.61021850
0.13886114  0.61171818  0.61172375
0.13986014  0.61319855  0.61320411
0.14085914  0.61465428  0.61465983
0.14185814  0.61608561  0.61609115
0.14285714  0.61749277  0.61749831
0.14385614  0.61887603  0.61888155
0.14485514  0.62023556  0.62024111
0.14585415  0.62157163  0.62157723
0.14685315  0.62288451  0.62289013
0.14785215  0.62417440  0.62418006
0.14885115  0.62544157  0.62544723
0.14985015  0.62668618  0.62669188
0.15084915  0.62790851  0.62791423
0.15184815  0.62910878  0.62911449
0.15284715  0.63028716  0.63029290
0.15384615  0.63144394  0.63144966
0.15484515  0.63257923  0.63258499
0.15584416  0.63369333  0.63369911
0.15684316  0.63478642  0.63479222
0.15784216  0.63585875  0.63586454
0.15884116  0.63691044  0.63691627
0.15984016  0.63794180  0.63794761
0.16083916  0.63895297  0.63895877
0.16183816  0.63994413  0.63994995
0.16283716  0.64091555  0.64092135
0.16383616  0.64186736  0.64187316
0.16483516  0.64279977  0.64280558
0.16583417  0.64371298  0.64371881
0.16683317  0.64460720  0.64461302
0.16783217  0.64548257  0.64548842
0.16883117  0.64633932  0.64634518
0.16983017  0.64717765  0.64718350
0.17082917  0.64799771  0.64800356
0.17182817  0.64879966  0.64880553
0.17282717  0.64958373  0.64958960
0.17382617  0.65035006  0.65035595
0.17482517  0.65109883  0.65110475
0.17582418  0.65183025  0.65183618
0.17682318  0.65254451  0.65255041
0.17782218  0.65324168  0.65324761
0.17882118  0.65392200  0.65392794
0.17982018  0.65458566  0.65459159
0.18081918  0.65523274  0.65523871
0.18181818  0.65586350  0.65586946
0.18281718  0.65647803  0.65648402
0.18381618  0.65707651  0.65708253
0.18481518  0.65765912  0.65766517
0.18581419  0.65822604  0.65823209
0.18681319  0.65877738  0.65878344
0.18781219  0.65931333  0.65931938
0.18881119  0.65983398  0.65984006
0.18981019  0.66033954  0.66034564
0.19080919  0.66083019  0.66083626
0.19180819  0.66130597  0.66131208
0.19280719  0.66176714  0.66177324
0.19380619  0.66221376  0.66221988
0.19480519  0.66264600  0.66265215
0.19580420  0.66306408  0.66307020
0.19680320  0.66346803  0.66347416
0.19780220  0.66385806  0.66386417
0.19880120  0.66423429  0.66424038
0.19980020  0.66459683  0.66460292
0.20079920  0.66494583  0.66495192
0.20179820  0.66528140  0.66528753
0.20279720  0.66560375  0.66560987
0.20379620  0.66591294  0.66591907
0.20479520  0.66620917  0.66621528
0.20579421  0.66649249  0.66649860
0.20679321  0.66676303  0.66676919
0.20779221  0.66702102  0.66702715
0.20879121  0.66726649  0.66727262
0.20979021  0.66749960  0.66750572
0.21078921  0.66772046  0.66772657
0.21178821  0.66792915  0.66793529
0.21278721  0.66812588  0.66813201
0.21378621  0.66831070  0.66831685
0.21478521  0.66848375  0.66848992
0.21578422  0.66864519  0.66865134
0.21678322  0.66879506  0.66880122
0.21778222  0.66893350  0.66893969
0.21878122  0.66906067  0.66906684
0.21978022  0.66917662  0.66918281
0.22077922  0.66928149  0.66928769
0.22177822  0.66937544  0.66938160
0.22277722  0.66945852  0.66946465
0.22377622  0.66953080  0.66953694
0.22477522  0.66959243  0.66959858
0.22577423  0.66964355  0.66964968
0.22677323  0.66968423  0.66969034
0.22777223  0.66971454  0.66972067
0.22877123  0.66973462  0.66974076
0.22977023  0.66974455  0.66975073
0.23076923  0.66974447  0.66975067
0.23176823  0.66973445  0.66974067
0.23276723  0.66971464  0.66972085
0.23376623  0.66968511  0.66969130
0.23476523  0.66964594  0.66965210
0.23576424  0.66959719  0.66960337
0.23676324  0.66953902  0.66954520
0.23776224  0.66947149  0.66947767
0.23876124  0.66939468  0.66940088
0.23976024  0.66930874  0.66931493
0.24075924  0.66921375  0.66921990
0.24175824  0.66910977  0.66911588
0.24275724  0.66899689  0.66900297
0.24375624  0.66887517  0.66888125
0.24475524  0.66874477  0.66875081
0.24575425  0.66860568  0.66861174
0.24675325  0.66845806  0.66846412
0.24775225  0.66830198  0.66830804
0.24875125  0.66813751  0.66814358
0.24975025  0.66796474  0.66797083
0.25074925  0.66778374  0.66778986
0.25174825  0.66759466  0.66760076
0.25274725  0.66739750  0.66740361
0.25374625  0.66719242  0.66719849
0.25474525  0.66697941  0.66698548
0.25574426  0.66675863  0.66676466
0.25674326  0.66653007  0.66653610
0.25774226  0.66629382  0.66629989
0.25874126  0.66605002  0.66605609
0.25974026  0.66579868  0.66580479
0.26073926  0.66553996  0.66554605
0.26173826  0.66527384  0.66527996
0.26273726  0.66500050  0.66500658
0.26373626  0.66471992  0.66472599
0.26473526  0.66443219  0.66443825
0.26573427  0.66413738  0.66414345
0.26673327  0.66383557  0.66384165
0.26773227  0.66352684  0.66353292
0.26873127  0.66321126  0.66321733
0.26973027  0.66288885  0.66289494
0.27072927  0.66255975  0.66256583
0.27172827  0.66222396  0.66223007
0.27272727  0.66188156  0.66188771
0.27372627  0.66153271  0.66153882
0.27472527  0.66117734  0.66118347
0.27572428  0.66081559  0.66082172
0.27672328  0.66044755  0.66045364
0.27772228  0.66007321  0.66007929
0.27872128  0.65969267  0.65969873
0.27972028  0.65930598  0.65931202
0.28071928  0.65891317  0.65891923
0.28171828  0.65851437  0.65852041
0.28271728  0.65810960  0.65811562
0.28371628  0.65769894  0.65770493
0.28471528  0.65728237  0.65728839
0.28571429  0.65686007  0.65686607
0.28671329  0.65643203  0.65643801
0.28771229  0.65599833  0.65600427
0.28871129  0.65555897  0.65556492
0.28971029  0.65511403  0.65512000
0.29070929  0.65466360  0.65466958
0.29170829  0.65420774  0.65421371
0.29270729  0.65374646  0.65375243
0.29370629  0.65327984  0.65328581
0.29470529  0.65280795  0.65281390
0.29570430  0.65233081  0.65233675
0.29670330  0.65184849  0.65185442
0.29770230  0.65136098  0.65136695
0.29870130  0.65086845  0.65087439
0.29970030  0.65037090  0.65037680
0.30069930  0.64986833  0.64987423
0.30169830  0.64936082  0.64936672
0.30269730  0.64884844  0.64885433
0.30369630  0.64833120  0.64833710
0.30469530  0.64780918  0.64781508
0.30569431  0.64728245  0.64728833
0.30669331  0.64675102  0.64675687
0.30769231  0.64621489  0.64622077
0.30869131  0.64567422  0.64568007
0.30969031  0.64512899  0.64513482
0.31068931  0.64457923  0.64458505
0.31168831  0.64402500  0.64403082
0.31268731  0.64346639  0.64347217
0.31368631  0.64290339  0.64290914
0.31468531  0.64233601  0.64234178
0.31568432  0.64176440  0.64177013
0.31668332  0.64118849  0.64119423
0.31768232  0.64060835  0.64061413
0.31868132  0.64002407  0.64002986
0.31968032  0.63943571  0.63944147
0.32067932  0.63884322  0.63884900
0.32167832  0.63824673  0.63825249
0.32267732  0.63764625  0.63765198
0.32367632  0.63704179  0.63704751
0.32467532  0.63643342  0.63643911
0.32567433  0.63582114  0.63582684
0.32667333  0.63520503  0.63521072
0.32767233  0.63458509  0.63459079
0.32867133  0.63396140  0.63396710
0.32967033  0.63333396  0.63333968
0.33066933  0.63270285  0.63270856
0.33166833  0.63206807  0.63207379
0.33266733  0.63142969  0.63143540
0.33366633  0.63078771  0.63079342
0.33466533  0.63014222  0.63014789
0.33566434  0.62949322  0.62949885
0.33666334  0.62884070  0.62884634
0.33766234  0.62818474  0.62819038
0.33866134  0.62752535  0.62753101
0.33966034  0.62686260  0.62686826
0.34065934  0.62619649  0.62620218
0.34165834  0.62552710  0.62553278
0.34265734  0.62485442  0.62486011
0.34365634  0.62417854  0.62418419
0.34465534  0.62349939  0.62350506
0.34565435  0.62281710  0.62282276
0.34665335  0.62213169  0.62213731
0.34765235  0.62144315  0.62144874
0.34865135  0.62075148  0.62075708
0.34965035  0.62005677  0.62006237
0.35064935  0.61935901  0.61936464
0.35164835  0.61865827  0.61866391
0.35264735  0.61795456  0.61796022
0.35364635  0.61724796  0.61725359
0.35464535  0.61653846  0.61654406
0.35564436  0.61582606  0.61583164
0.35664336  0.61511084  0.61511639
0.35764236  0.61439281  0.61439831
0.35864136  0.61367195  0.61367744
0.35964036  0.61294835  0.61295380
0.36063936  0.61222201  0.61222743
0.36163836  0.61149292  0.61149835
0.36263736  0.61076117  0.61076658
0.36363636  0.61002675  0.61003216
0.36463536  0.60928973  0.60929512
0.36563437  0.60855005  0.60855546
0.36663337  0.60780785  0.60781323
0.36763237  0.60706305  0.60706845
0.36863137  0.60631574  0.60632114
0.36963037  0.60556591  0.60557133
0.37062937  0.60481364  0.60481904
0.37162837  0.60405892  0.60406430
0.37262737  0.60330176  0.60330714
0.37362637  0.60254222  0.60254757
0.37462537  0.60178025  0.60178562
0.37562438  0.60101598  0.60102131
0.37662338  0.60024934  0.60025468
0.37762238  0.59948040  0.59948573
0.37862138  0.59870917  0.59871449
0.37962038  0.59793571  0.59794100
0.38061938  0.59715996  0.59716526
0.38161838  0.59638198  0.59638730
0.38261738  0.59560186  0.59560715
0.38361638  0.59481951  0.59482482
0.38461538  0.59403501  0.59404034
0.38561439  0.59324843  0.59325372
0.38661339  0.59245970  0.59246500
0.38761239  0.59166890  0.59167418
0.38861139  0.59087601  0.59088130
0.38961039  0.59008112  0.59008637
0.39060939  0.58928415  0.58928941
0.39160839  0.58848517  0.58849044
0.39260739  0.58768425  0.58768949
0.39360639  0.58688133  0.58688656
0.39460539  0.58607648  0.58608169
0.39560440  0.58526968  0.58527489
0.39660340  0.58446095  0.58446617
0.39760240  0.58365036  0.58365557
0.39860140  0.58283789  0.58284310
0.39960040  0.58202357  0.58202877
0.40059940  0.58120744  0.58121260
0.40159840  0.58038945  0.58039462
0.40259740  0.57956967  0.57957484
0.40359640  0.57874808  0.57875328
0.40459540  0.57792477  0.57792996
0.40559441  0.57709974  0.57710489
0.40659341  0.57627297  0.57627809
0.40759241  0.57544448  0.57544958
0.40859141  0.57461426  0.57461937
0.40959041  0.57378239  0.57378749
0.41058941  0.57294885  0.57295395
0.41158841  0.57211365  0.57211876
0.41258741  0.57127687  0.57128195
0.41358641  0.57043842  0.57044352
0.41458541  0.56959838  0.56960350
0.41558442  0.56875682  0.56876190
0.41658342  0.56791367  0.56791873
0.41758242  0.56706899  0.56707402
0.41858142  0.56622272  0.56622777
0.41958042  0.56537499  0.56538000
0.42057942  0.56452574  0.56453073
0.42157842  0.56367496  0.56367998
0.42257742  0.56282272  0.56282775
0.42357642  0.56196902  0.56197406
0.42457542  0.56111387  0.56111893
0.42557443  0.56025732  0.56026236
0.42657343  0.55939938  0.55940439
0.42757243  0.55853997  0.55854501
0.42857143  0.55767924  0.55768424
0.42957043  0.55681712  0.55682210
0.43056943  0.55595360  0.55595860
0.43156843  0.55508875  0.55509376
0.43256743  0.55422258  0.55422758
0.43356643  0.55335507  0.55336008
0.43456543  0.55248630  0.55249127
0.43556444  0.55161619  0.55162117
0.43656344  0.55074482  0.55074979
0.43756244  0.54987219  0.54987714
0.43856144  0.54899829  0.54900324
0.43956044  0.54812312  0.54812809
0.44055944  0.54724674  0.54725171
0.44155844  0.54636917  0.54637412
0.44255744  0.54549039  0.54549531
0.44355644  0.54461040  0.54461532
0.44455544  0.54372921  0.54373414
0.44555445  0.54284688  0.54285179
0.44655345  0.54196341  0.54196828
0.44755245  0.54107873  0.54108362
0.44855145  0.54019297  0.54019783
0.44955045  0.53930606  0.53931091
0.45054945  0.53841802  0.53842288
0.45154845  0.53752889  0.53753374
0.45254745  0.53663868  0.53664352
0.45354645  0.53574738  0.53575221
0.45454545  0.53485501  0.53485984
0.45554446  0.53396161  0.53396640
0.45654346  0.53306713  0.53307191
0.45754246  0.53217162  0.53217639
0.45854146  0.53127509  0.53127984
0.45954046  0.53037754  0.53038227
0.46053946  0.52947896  0.52948369
0.46153846  0.52857942  0.52858412
0.46253746  0.52767886  0.52768355
0.46353646  0.52677733  0.52678201
0.46453546  0.52587483  0.52587950
0.46553447  0.52497137  0.52497603
0.46653347  0.52406694  0.52407162
0.46753247  0.52316160  0.52316626
0.46853147  0.52225530  0.52225997
0.46953047  0.52134809  0.52135276
0.47052947  0.52043997  0.52044464
0.47152847  0.51953094  0.51953562
0.47252747  0.51862100  0.51862570
0.47352647  0.51771021  0.51771490
0.47452547  0.51679851  0.51680322
0.47552448  0.51588595  0.51589068
0.47652348  0.51497255  0.51497727
0.47752248  0.51405829  0.51406301
0.47852148  0.51314317  0.51314792
0.47952048  0.51222726  0.51223199
0.48051948  0.51131050  0.51131523
0.48151848  0.51039293  0.51039766
0.48251748  0.50947457  0.50947927
0.48351648  0.50855541  0.50856009
0.48451548  0.50763545  0.50764011
0.48551449  0.50671469  0.50671935
0.48651349  0.50579319  0.50579781
0.48751249  0.50487088  0.50487550
0.48851149  0.50394783  0.50395243
0.48951049  0.50302404  0.50302861
0.49050949  0.50209950  0.50210404
0.49150849  0.50117421  0.50117873
0.49250749  0.50024818  0.50025269
0.49350649  0.49932139  0.49932592
0.49450549  0.49839391  0.49839843
0.49550450  0.49746574  0.49747024
0.49650350  0.49653688  0.49654134
0.49750250  0.49560726  0.49561174
0.49850150  0.49467701  0.49468146
0.49950050  0.49374606  0.49375049
0.50049950  0.49281441  0.49281885
0.50149850  0.49188212  0.49188653
0.50249750  0.49094913  0.49095356
0.50349650  0.49001550  0.49001993
0.50449550  0.48908123  0.48908565
0.50549451  0.48814630  0.48815073
0.50649351  0.48721074  0.48721517
0.50749251  0.48627458  0.48627898
0.50849151  0.48533777  0.48534216
0.50949051  0.48440037  0.48440473
0.51048951  0.48346232  0.48346669
0.51148851  0.48252368  0.48252804
0.51248751  0.48158444  0.48158879
0.51348651  0.48064460  0.48064895
0.51448551  0.47970417  0.47970852
0.51548452  0.47876319  0.47876751
0.51648352  0.47782161  0.47782593
0.51748252  0.47687949  0.47688377
0.51848152  0.47593676  0.47594105
0.51948052  0.47499349  0.47499777
0.52047952  0.47404966  0.47405393
0.52147852  0.47310529  0.47310955
0.52247752  0.47216037  0.47216463
0.52347652  0.47121489  0.47121917
0.52447552  0.47026892  0.47027317
0.52547453  0.46932239  0.46932665
0.52647353  0.46837536  0.46837961
0.52747253  0.46742783  0.46743206
0.52847153  0.46647980  0.46648399
0.52947053  0.46553120  0.46553542
0.53046953  0.46458216  0.46458634
0.53146853  0.46363261  0.46363677
0.53246753  0.46268256  0.46268671
0.53346653  0.46173199  0.46173616
0.53446553  0.46078097  0.46078513
0.53546454  0.45982949  0.45983363
0.53646354  0.45887750  0.45888165
0.53746254  0.45792506  0.45792921
0.53846154  0.45697215  0.45697630
0.53946054  0.45601878  0.45602294
0.54045954  0.45506494  0.45506912
0.54145854  0.45411070  0.45411486
0.54245754  0.45315599  0.45316015
0.54345654  0.45220087  0.45220500
0.54445554  0.45124528  0.45124941
0.54545455  0.45028927  0.45029340
0.54645355  0.44933285  0.44933695
0.54745255  0.44837601  0.44838009
0.54845155  0.44741875  0.44742281
0.54945055  0.44646107  0.44646511
0.55044955  0.44550297  0.44550700
0.55144855  0.44454445  0.44454849
0.55244755  0.44358555  0.44358957
0.55344655  0.44262623  0.44263025
0.55444555  0.44166654  0.44167055
0.55544456  0.44070647  0.44071045
0.55644356  0.43974597  0.43974996
0.55744256  0.43878509  0.43878910
0.55844156  0.43782383  0.43782785
0.55944056  0.43686220  0.43686623
0.56043956  0.43590023  0.43590424
0.56143856  0.43493788  0.43494188
0.56243756  0.43397515  0.43397916
0.56343656  0.43301208  0.43301607
0.56443556  0.43204863  0.43205263
0.56543457  0.43108484  0.43108884
0.56643357  0.43012071  0.43012470
0.56743257  0.42915625  0.42916021
0.56843157  0.42819144  0.42819538
0.56943057  0.42722629  0.42723021
0.57042957  0.42626080  0.42626470
0.57142857  0.42529497  0.42529887
0.57242757  0.42432879  0.42433270
0.57342657  0.42336231  0.42336620
0.57442557  0.42239549  0.42239939
0.57542458  0.42142837  0.42143225
0.57642358  0.42046095  0.42046480
0.57742258  0.41949317  0.41949704
0.57842158  0.41852510  0.41852896
0.57942058  0.41755672  0.41756058
0.58041958  0.41658803  0.41659189
0.58141858  0.41561904  0.41562291
0.58241758  0.41464975  0.41465362
0.58341658  0.41368019  0.41368404
0.58441558  0.41271032  0.41271417
0.58541459  0.41174020  0.41174401
0.58641359  0.41076975  0.41077356
0.58741259  0.40979905  0.40980283
0.58841159  0.40882803  0.40883182
0.58941059  0.40785674  0.40786053
0.59040959  0.40688519  0.40688897
0.59140859  0.40591336  0.40591713
0.59240759  0.40494127  0.40494503
0.59340659  0.40396890  0.40397265
0.59440559  0.40299626  0.40300002
0.59540460  0.40202340  0.40202712
0.59640360  0.40105025  0.40105396
0.59740260  0.40007683  0.40008055
0.59840160  0.39910319  0.39910688
0.59940060  0.39812926  0.39813296
0.60039960  0.39715510  0.39715879
0.60139860  0.39618070  0.39618438
0.60239760  0.39520607  0.39520972
0.60339660  0.39423116  0.39423482
0.60439560  0.39325601  0.39325968
0.60539461  0.39228062  0.39228430
0.60639361  0.39130504  0.39130869
0.60739261  0.39032921  0.39033285
0.60839161  0.38935315  0.38935678
0.60939061  0.38837684  0.38838048
0.61038961  0.38740033  0.38740395
0.61138861  0.38642357  0.38642721
0.61238761  0.38544662  0.38545024
0.61338661  0.38446946  0.38447305
0.61438561  0.38349206  0.38349565
0.61538462  0.38251445  0.38251803
0.61638362  0.38153663  0.38154020
0.61738262  0.38055861  0.38056216
0.61838162  0.37958038  0.37958391
0.61938062  0.37860194  0.37860546
0.62037962  0.37762329  0.37762680
0.62137862  0.37664443  0.37664794
0.62237762  0.37566540  0.37566889
0.62337662  0.37468616  0.37468963
0.62437562  0.37370670  0.37371018
0.62537463  0.37272708  0.37273053
0.62637363  0.37174723  0.37175069
0.62737263  0.37076721  0.37077066
0.62837163  0.36978702  0.36979045
0.62937063  0.36880661  0.36881005
0.63036963  0.36782602  0.36782946
0.63136863  0.36684525  0.36684869
0.63236763  0.36586430  0.36586774
0.63336663  0.36488318  0.36488661
0.63436563  0.36390187  0.36390530
0.63536464  0.36292038  0.36292382
0.63636364  0.36193874  0.36194216
0.63736264  0.36095693  0.36096034
0.63836164  0.35997493  0.35997834
0.63936064  0.35899278  0.35899617
0.64035964  0.35801045  0.35801384
0.64135864  0.35702797  0.35703134
0.64235764  0.35604530  0.35604868
0.64335664  0.35506248  0.35506585
0.64435564  0.35407951  0.35408287
0.64535465  0.35309639  0.35309973
0.64635365  0.35211308  0.35211643
0.64735265  0.35112962  0.35113297
0.64835165  0.35014600  0.35014936
0.64935065  0.34916223  0.34916560
0.65034965  0.34817834  0.34818168
0.65134865  0.34719430  0.34719762
0.65234765  0.34621010  0.34621341
0.65334665  0.34522574  0.34522905
0.65434565  0.34424126  0.34424455
0.65534466  0.34325662  0.34325990
0.65634366  0.34227186  0.34227511
0.65734266  0.34128693  0.34129018
0.65834166  0.34030189  0.34030511
0.65934066  0.33931668  0.33931991
0.66033966  0.33833134  0.33833456
0.66133866  0.33734588  0.33734908
0.66233766  0.33636029  0.33636347
0.66333666  0.33537457  0.33537773
0.66433566  0.33438869  0.33439185
0.66533467  0.33340267  0.33340584
0.66633367  0.33241657  0.33241971
0.66733267  0.33143033  0.33143344
0.66833167  0.33044395  0.33044705
0.66933067  0.32945745  0.32946054
0.67032967  0.32847081  0.32847390
0.67132867  0.32748407  0.32748714
0.67232767  0.32649719  0.32650026
0.67332667  0.32551018  0.32551326
0.67432567  0.32452307  0.32452614
0.67532468  0.32353586  0.32353890
0.67632368  0.32254850  0.32255155
0.67732268  0.32156105  0.32156408
0.67832168  0.32057349  0.32057649
0.67932068  0.31958579  0.31958879
0.68031968  0.31859798  0.31860099
0.68131868  0.31761006  0.31761307
0.68231768  0.31662204  0.31662504
0.68331668  0.31563391  0.31563690
0.68431568  0.31464567  0.31464865
0.68531469  0.31365732  0.31366030
0.68631369  0.31266886  0.31267184
0.68731269  0.31168029  0.31168328
0.68831169  0.31069165  0.31069462
0.68931069  0.30970288  0.30970585
0.69030969  0.30871401  0.30871698
0.69130869  0.30772506  0.30772801
0.69230769  0.30673599  0.30673894
0.69330669  0.30574684  0.30574978
0.69430569  0.30475757  0.30476051
0.69530470  0.30376822  0.30377115
0.69630370  0.30277879  0.30278170
0.69730270  0.30178923  0.30179215
0.69830170  0.30079960  0.30080250
0.69930070  0.29980987  0.29981277
0.70029970  0.29882006  0.29882294
0.70129870  0.29783017  0.29783302
0.70229770  0.29684018  0.29684301
0.70329670  0.29585011  0.29585292
0.70429570  0.29485994  0.29486273
0.70529471  0.29386969  0.29387246
0.70629371  0.29287934  0.29288210
0.70729271  0.29188890  0.29189166
0.70829171  0.29089837  0.29090113
0.70929071  0.28990778  0.28991051
0.71028971  0.28891710  0.28891982
0.71128871  0.28792632  0.28792904
0.71228771  0.28693548  0.28693818
0.71328671  0.28594454  0.28594724
0.71428571  0.28495353  0.28495622
0.71528472  0.28396243  0.28396513
0.71628372  0.28297127  0.28297395
0.71728272  0.28198004  0.28198270
0.71828172  0.28098871  0.28099137
0.71928072  0.27999731  0.27999996
0.72027972  0.27900584  0.27900848
0.72127872  0.27801431  0.27801692
0.72227772  0.27702270  0.27702530
0.72327672  0.27603102  0.27603359
0.72427572  0.27503924  0.27504182
0.72527473  0.27404739  0.27404998
0.72627373  0.27305550  0.27305806
0.72727273  0.27206353  0.27206607
0.72827173  0.27107149  0.27107402
0.72927073  0.27007938  0.27008190
0.73026973  0.26908719  0.26908970
0.73126873  0.26809495  0.26809745
0.73226773  0.26710264  0.26710512
0.73326673  0.26611025  0.26611273
0.73426573  0.26511782  0.26512027
0.73526474  0.26412530  0.26412775
0.73626374  0.26313274  0.26313517
0.73726274  0.26214010  0.26214252
0.73826174  0.26114740  0.26114981
0.73926074  0.26015463  0.26015703
0.74025974  0.25916181  0.25916420
0.74125874  0.25816893  0.25817130
0.74225774  0.25717597  0.25717835
0.74325674  0.25618296  0.25618533
0.74425574  0.25518989  0.25519226
0.74525475  0.25419677  0.25419913
0.74625375  0.25320360  0.25320594
0.74725275  0.25221037  0.25221269
0.74825175  0.25121708  0.25121938
0.74925075  0.25022374  0.25022602
0.75024975  0.24923033  0.24923261
0.75124875  0.24823687  0.24823913
0.75224775  0.24724336  0.24724561
0.75324675  0.24624978  0.24625203
0.75424575  0.24525614  0.24525840
0.75524476  0.24426247  0.24426471
0.75624376  0.24326874  0.24327097
0.75724276  0.24227495  0.24227718
0.75824176  0.24128112  0.24128334
0.75924076  0.24028723  0.24028944
0.76023976  0.23929331  0.23929550
0.76123876  0.23829932  0.23830151
0.76223776  0.23730530  0.23730747
0.76323676  0.23631121  0.23631338
0.76423576  0.23531708  0.23531924
0.76523477  0.23432292  0.23432505
0.76623377  0.23332869  0.23333081
0.76723277  0.23233442  0.23233653
0.76823177  0.23134011  0.23134220
0.76923077  0.23034573  0.23034783
0.77022977  0.22935131  0.22935341
0.77122877  0.22835685  0.22835895
0.77222777  0.22736235  0.22736444
0.77322677  0.22636781  0.22636988
0.77422577  0.22537322  0.22537529
0.77522478  0.22437859  0.22438064
0.77622378  0.22338391  0.22338596
0.77722278  0.22238919  0.22239123
0.77822178  0.22139442  0.22139647
0.77922078  0.22039961  0.22040166
0.78021978  0.21940478  0.21940681
0.78121878  0.21840990  0.21841191
0.78221778  0.21741497  0.21741698
0.78321678  0.21642000  0.21642201
0.78421578  0.21542500  0.21542700
0.78521479  0.21442996  0.21443195
0.78621379  0.21343489  0.21343686
0.78721279  0.21243977  0.21244173
0.78821179  0.21144460  0.21144656
0.78921079  0.21044941  0.21045136
0.79020979  0.20945417  0.20945612
0.79120879  0.20845889  0.20846084
0.79220779  0.20746360  0.20746553
0.79320679  0.20646825  0.20647018
0.79420579  0.20547287  0.20547479
0.79520480  0.20447746  0.20447937
0.79620380  0.20348200  0.20348391
0.79720280  0.20248652  0.20248842
0.79820180  0.20149100  0.20149289
0.79920080  0.20049545  0.20049733
0.80019980  0.19949987  0.19950174
0.80119880  0.19850426  0.19850611
0.80219780  0.19750861  0.19751045
0.80319680  0.19651294  0.19651475
0.80419580  0.19551723  0.19551903
0.80519481  0.19452149  0.19452327
0.80619381  0.19352572  0.19352748
0.80719281  0.19252991  0.19253166
0.80819181  0.19153407  0.19153581
0.80919081  0.19053819  0.19053992
0.81018981  0.18954228  0.18954401
0.81118881  0.18854636  0.18854806
0.81218781  0.18755040  0.18755209
0.81318681  0.18655440  0.18655609
0.81418581  0.18555837  0.18556005
0.81518482  0.18456232  0.18456399
0.81618382  0.18356624  0.18356790
0.81718282  0.18257014  0.18257178
0.81818182  0.18157400  0.18157563
0.81918082  0.18057784  0.18057946
0.82017982  0.17958165  0.17958326
0.82117882  0.17858544  0.17858703
0.82217782  0.17758919  0.17759077
0.82317682  0.17659292  0.17659448
0.82417582  0.17559661  0.17559817
0.82517483  0.17460028  0.17460184
0.82617383  0.17360394  0.17360547
0.82717283  0.17260755  0.17260908
0.82817183  0.17161114  0.17161267
0.82917083  0.17061471  0.17061623
0.83016983  0.16961826  0.16961976
0.83116883  0.16862179  0.16862327
0.83216783  0.16762528  0.16762676
0.83316683  0.16662874  0.16663022
0.83416583  0.16563218  0.16563366
0.83516484  0.16463560  0.16463707
0.83616384  0.16363900  0.16364046
0.83716284  0.16264237  0.16264383
0.83816184  0.16164572  0.16164718
0.83916084  0.16064904  0.16065050
0.84015984  0.15965234  0.15965379
0.84115884  0.15865563  0.15865707
0.84215784  0.15765890  0.15766032
0.84315684  0.15666214  0.15666356
0.84415584  0.15566536  0.15566677
0.84515485  0.15466855  0.15466996
0.84615385  0.15367174  0.15367312
0.84715285  0.15267489  0.15267627
0.84815185  0.15167803  0.15167939
0.84915085  0.15068115  0.15068250
0.85014985  0.14968424  0.14968558
0.85114885  0.14868731  0.14868865
0.85214785  0.14769037  0.14769169
0.85314685  0.14669339  0.14669471
0.85414585  0.14569641  0.14569772
0.85514486  0.14469940  0.14470070
0.85614386  0.14370238  0.14370367
0.85714286  0.14270533  0.14270662
0.85814186  0.14170827  0.14170954
0.85914086  0.14071119  0.14071245
0.86013986  0.13971409  0.13971534
0.86113886  0.13871697  0.13871821
0.86213786  0.13771984  0.13772107
0.86313686  0.13672268  0.13672390
0.86413586  0.13572551  0.13572672
0.86513487  0.13472832  0.13472952
0.86613387  0.13373112  0.13373230
0.86713287  0.13273389  0.13273507
0.86813187  0.13173664  0.13173782
0.86913087  0.13073938  0.13074055
0.87012987  0.12974210  0.12974326
0.87112887  0.12874481  0.12874596
0.87212787  0.12774750  0.12774864
0.87312687  0.12675018  0.12675131
0.87412587  0.12575284  0.12575396
0.87512488  0.12475548  0.12475659
0.87612388  0.12375811  0.12375921
0.87712288  0.12276072  0.12276181
0.87812188  0.12176331  0.12176440
0.87912088  0.12076588  0.12076697
0.88011988  0.11976846  0.11976952
0.88111888  0.11877101  0.11877207
0.88211788  0.11777355  0.11777459
0.88311688  0.11677607  0.11677710
0.88411588  0.11577857  0.11577960
0.88511489  0.11478106  0.11478208
0.88611389  0.11378354  0.11378455
0.88711289  0.11278600  0.11278700
0.88811189  0.11178845  0.11178944
0.88911089  0.11079089  0.11079187
0.89010989  0.10979330  0.10979428
0.89110889  0.10879571  0.10879668
0.89210789  0.10779811  0.10779907
0.89310689  0.10680049  0.10680144
0.89410589  0.10580285  0.10580380
0.89510490  0.10480521  0.10480614
0.89610390  0.10380755  0.10380847
0.89710290  0.10280988  0.10281079
0.89810190  0.10181219  0.10181310
0.89910090  0.10081450  0.10081540
0.90009990  0.099816791  0.099817678
0.90109890  0.098819066  0.098819948
0.90209790  0.097821333  0.097822205
0.90309690  0.096823591  0.096824451
0.90409590  0.095825829  0.095826685
0.90509491  0.094828058  0.094828906
0.90609391  0.093830278  0.093831117
0.90709291  0.092832489  0.092833315
0.90809191  0.091834690  0.091835502
0.90909091  0.090836871  0.090837678
0.91008991  0.089839042  0.089839842
0.91108891  0.088841203  0.088841996
0.91208791  0.087843354  0.087844138
0.91308691  0.086845495  0.086846270
0.91408591  0.085847625  0.085848390
0.91508492  0.084849746  0.084850500
0.91608392  0.083851855  0.083852599
0.91708292  0.082853954  0.082854688
0.91808192  0.081856043  0.081856767
0.91908092  0.080858120  0.080858835
0.92007992  0.079860187  0.079860893
0.92107892  0.078862243  0.078862941
0.92207792  0.077864287  0.077864979
0.92307692  0.076866320  0.076867007
0.92407592  0.075868352  0.075869025
0.92507493  0.074870371  0.074871034
0.92607393  0.073872379  0.073873033
0.92707293  0.072874376  0.072875022
0.92807193  0.071876361  0.071877002
0.92907093  0.070878344  0.070878973
0.93006993  0.069880314  0.069880935
0.93106893  0.068882273  0.068882887
0.93206793  0.067884228  0.067884831
0.93306693  0.066886172  0.066886765
0.93406593  0.065888103  0.065888691
0.93506494  0.064890031  0.064890608
0.93606394  0.063891947  0.063892516
0.93706294  0.062893858  0.062894416
0.93806194  0.061895758  0.061896307
0.93906094  0.060897653  0.060898190
0.94005994  0.059899536  0.059900064
0.94105894  0.058901414  0.058901930
0.94205794  0.057903280  0.057903788
0.94305694  0.056905141  0.056905638
0.94405594  0.055906991  0.055907480
0.94505495  0.054908835  0.054909314
0.94605395  0.053910667  0.053911140
0.94705295  0.052912494  0.052912959
0.94805195  0.051914315  0.051914769
0.94905095  0.050916124  0.050916572
0.95004995  0.049917928  0.049918368
0.95104895  0.048919726  0.048920156
0.95204795  0.047921518  0.047921936
0.95304695  0.046923298  0.046923710
0.95404595  0.045925073  0.045925476
0.95504496  0.044926841  0.044927235
0.95604396  0.043928603  0.043928986
0.95704296  0.042930359  0.042930731
0.95804196  0.041932104  0.041932469
0.95904096  0.040933842  0.040934200
0.96003996  0.039935575  0.039935924
0.96103896  0.038937300  0.038937641
0.96203796  0.037939020  0.037939352
0.96303696  0.036940733  0.036941056
0.96403596  0.035942440  0.035942753
0.96503497  0.034944140  0.034944444
0.96603397  0.033945834  0.033946129
0.96703297  0.032947522  0.032947807
0.96803197  0.031949203  0.031949479
0.96903097  0.030950877  0.030951145
0.97002997  0.029952545  0.029952804
0.97102897  0.028954207  0.028954457
0.97202797  0.027955862  0.027956105
0.97302697  0.026957511  0.026957746
0.97402597  0.025959156  0.025959381
0.97502498  0.024960795  0.024961011
0.97602398  0.023962428  0.023962635
0.97702298  0.022964055  0.022964253
0.97802198  0.021965675  0.021965865
0.97902098  0.020967291  0.020967471
0.98001998  0.019968901  0.019969072
0.98101898  0.018970505  0.018970668
0.98201798  0.017972103  0.017972258
0.98301698  0.016973697  0.016973842
0.98401598  0.015975285  0.015975421
0.98501499  0.014976867  0.014976995
0.98601399  0.013978444  0.013978564
0.98701299  0.012980016  0.012980127
0.98801199  0.011981582  0.011981686
0.98901099  0.010983144  0.010983239
0.99000999  0.0099847004  0.0099847867
0.99100899  0.0089862524  0.0089863298
0.99200799  0.0079877988  0.0079878679
0.99300699  0.0069893408  0.0069894010
0.99400599  0.0059908776  0.0059909294
0.99500500  0.0049924100  0.0049924529
0.99600400  0.0039939372  0.0039939717
0.99700300  0.0029954600  0.0029954857
0.99800200  0.0019969778  0.0019969951
0.99900100  0.00099849119  0.00099849983
1.0000000  0.0000000  0.0000000
