Results of program main.cpp, numerical - analytical
0.0000000  0.0000000  0.0000000
0.0099009901  0.084296805  0.084365719
0.019801980  0.15971474  0.15984531
0.029702970  0.22709078  0.22727644
0.039603960  0.28718301  0.28741779
0.049504950  0.34067804  0.34095657
0.059405941  0.38819778  0.38851515
0.069306931  0.43030546  0.43065728
0.079207921  0.46751131  0.46789354
0.089108911  0.50027736  0.50068639
0.099009901  0.52902218  0.52945469
0.10891089  0.55412480  0.55457783
0.11881188  0.57592857  0.57639941
0.12871287  0.59474446  0.59523067
0.13861386  0.61085414  0.61135349
0.14851485  0.62451264  0.62502319
0.15841584  0.63595113  0.63647100
0.16831683  0.64537881  0.64590639
0.17821782  0.65298528  0.65351905
0.18811881  0.65894219  0.65948081
0.19801980  0.66340504  0.66394729
0.20792079  0.66651463  0.66705944
0.21782178  0.66839862  0.66894494
0.22772277  0.66917243  0.66971941
0.23762376  0.66894079  0.66948758
0.24752475  0.66779844  0.66834432
0.25742574  0.66583125  0.66637555
0.26732673  0.66311701  0.66365908
0.27722772  0.65972608  0.66026539
0.28712871  0.65572227  0.65625833
0.29702970  0.65116335  0.65169571
0.30693069  0.64610165  0.64662990
0.31683168  0.64058458  0.64110834
0.32673267  0.63465506  0.63517400
0.33663366  0.62835196  0.62886577
0.34653465  0.62171054  0.62221891
0.35643564  0.61476267  0.61526534
0.36633663  0.60753720  0.60803396
0.37623762  0.60006031  0.60055098
0.38613861  0.59235573  0.59284010
0.39603960  0.58444493  0.58492281
0.40594059  0.57634729  0.57681857
0.41584158  0.56808045  0.56854499
0.42574257  0.55966040  0.56011805
0.43564356  0.55110155  0.55155220
0.44554455  0.54241696  0.54286053
0.45544554  0.53361855  0.53405491
0.46534653  0.52471698  0.52514607
0.47524752  0.51572201  0.51614374
0.48514851  0.50664245  0.50705675
0.49504950  0.49748624  0.49789307
0.50495050  0.48826063  0.48865992
0.51485149  0.47897219  0.47936386
0.52475248  0.46962677  0.47001083
0.53465347  0.46022982  0.46060617
0.54455446  0.45078616  0.45115478
0.55445545  0.44130017  0.44166104
0.56435644  0.43177590  0.43212896
0.57425743  0.42221692  0.42256214
0.58415842  0.41262648  0.41296387
0.59405941  0.40300759  0.40333710
0.60396040  0.39336289  0.39368452
0.61386139  0.38369484  0.38400857
0.62376238  0.37400563  0.37431145
0.63366337  0.36429730  0.36459515
0.64356436  0.35457158  0.35486148
0.65346535  0.34483018  0.34511209
0.66336634  0.33507451  0.33534844
0.67326733  0.32530594  0.32557190
0.68316832  0.31552571  0.31578366
0.69306931  0.30573489  0.30598484
0.70297030  0.29593449  0.29617642
0.71287129  0.28612540  0.28635933
0.72277228  0.27630845  0.27653436
0.73267327  0.26648438  0.26670228
0.74257426  0.25665389  0.25686374
0.75247525  0.24681754  0.24701935
0.76237624  0.23697590  0.23716967
0.77227723  0.22712948  0.22731520
0.78217822  0.21727871  0.21745639
0.79207921  0.20742402  0.20759364
0.80198020  0.19756577  0.19772733
0.81188119  0.18770430  0.18785779
0.82178218  0.17783990  0.17798533
0.83168317  0.16797287  0.16811022
0.84158416  0.15810342  0.15823272
0.85148515  0.14823183  0.14835304
0.86138614  0.13835826  0.13847140
0.87128713  0.12848291  0.12858797
0.88118812  0.11860595  0.11870293
0.89108911  0.10872752  0.10881643
0.90099010  0.098847780  0.098928612
0.91089109  0.088966843  0.089039590
0.92079208  0.079084820  0.079149482
0.93069307  0.069201809  0.069258391
0.94059406  0.059317914  0.059366409
0.95049505  0.049433208  0.049473621
0.96039604  0.039547770  0.039580101
0.97029703  0.029661670  0.029685920
0.98019802  0.019774973  0.019791139
0.99009901  0.0098877316  0.0098958155
1.0000000  0.0000000  0.0000000
